0 0 0 0 0 0 0 0 1.227
0 0 1 0 0 0 0 0 0.394
1 0 0 0 0 0 0 0 0.327
0 0 1 0 0 0 0 0 0.372
1 0 0 0 0 0 0 0 0.331
0 0 1 0 0 0 0 0 0.358
1 0 0 0 0 0 0 0 0.354
0 0 1 0 0 0 0 0 0.415
1 0 0 0 0 0 0 0 0.338
0 0 1 0 0 0 0 0 0.406
1 0 0 0 0 0 0 0 0.315
0 0 1 0 0 0 0 0 0.317
1 0 0 0 0 0 0 0 0.396
0 0 1 0 0 0 0 0 0.397
1 0 0 0 0 0 0 0 0.424
0 0 1 0 0 0 0 0 0.407
1 0 0 0 0 0 0 0 0.354
0 0 1 0 0 0 0 0 0.026
0 0 0 0 0 1 0 0 0.328
1 0 0 0 0 0 0 0 0.276
0 0 1 0 0 0 0 0 0.021
0 0 0 0 0 0 1 0 0.330
1 0 0 0 0 0 0 0 0.291
0 0 1 0 0 0 0 0 0.262
1 0 0 0 0 0 0 0 0.225
0 0 1 0 0 0 0 0 0.270
0 0 0 0 0 1 0 0 0.045
1 0 0 0 0 0 0 0 0.256
0 0 1 0 0 0 0 0 0.287
1 0 0 0 0 0 0 0 0.012
0 0 0 0 0 0 1 0 0.313
0 0 1 0 0 0 0 0 0.303
0 0 0 0 0 0 0 1 0.022
1 0 0 0 0 0 0 0 0.251
0 0 1 0 0 0 0 0 0.256
1 0 0 0 0 0 0 0 0.074
0 0 0 0 0 0 1 0 0.281
0 0 1 0 0 0 0 0 0.230
1 0 0 0 0 0 0 0 0.238
0 0 1 0 0 0 0 0 0.027
0 0 0 0 0 1 0 0 0.289
1 0 0 0 0 0 0 0 0.265
0 0 1 0 0 0 0 0 0.786
